00000000000000000000000000000000000000000000000000000000000000000000000000000000000000000000000000000000000000000000000000000000000000000000
00000000000000000000000000000000000000000000088880000000000000000000000000000000000000000000000000000000000000000000000000000000000000000000
00000000000000000000000000000000000000000000088800000000000000000000000000000000000000000000000000000000000000000000000000000000000000000000
00000000000000000000000000000000000000000000888800000000000000000000000000000000000000000000000000000000000000000000000000000000000000000000
00000000000000000000000000000000000000000008822200000000000000000000000000000000000000000000000000000000000000000000000000000000000000000000
00000000000000000000000000000000000000000888888288800000000000000000000000000000000000000000000000000000000000000000000000000000000000000000
00000000000000000000000000000000000000088888882288880000000000000000000000000000ccccccc002222200cc00000cc0g0000g0000000000000000000000000000
00000000000000000000000000000000000000888888888288280000000000000000000000000000c000000002000020c0c000c0c00g00g00000000000000000000000000000
00000000000000000000000000000000000000888888822282828000000000000000000000000000c000000002000020c00c0c00c000gg000000000000000000000000000000
00000000000000000000000000000000000008822228888888288800000000000000000000000000c000000002000020c000c000c000gg000000000000000000000000000000
00000000000000000000000000000000000088828828888882888880000000000000000000000000c000000002000020c0000000c00g00g00000000000000000000000000000
00000000000000000000000000000000000088822228888882228880000000000000000000000000ccccccc002222200c0000000c0g0000g0000000000000000000000000000
00000000000000000000000000000000000888888828222288888880000000000000000000000000000000000000000000000000000000000000000000000000000000000000
00000000000000000000000000000000008228822228888288888888000000000000000000000000000000000000000000000000000000000000000000000000000000000000
00000000000000000000000000000000002828888888888288888888800000000000000000000000000000000000000000000000000000000000000000000000000000000000
00000000000000000000000000000000022228888888888288888888888000000000000000000000000000000000000000000000000000000000000000000000000000000000
00000000000000000000000000000000888828888888888288888888888880000000000000000000000000000000000000000000000000000000000000000000000000000000
00000000000000000000000000000088888828888888888888888888888888000000000000000000000000000000000000000000000000000000000000000000000000000000
00000000000000000000000000000822228888888888222288888888888888000000000000000000000000000000000000000000000000000000000000000000000000000000
00000000000000000000000000888828828888888888288888888888888888888000000000000000000000000000000000000000000000000000000000000000000000000000
00000000000000000000000008888822228888888888222288888888888888888000000000000000000000000000000000000000000000000000000000000000000000000000
00000000000000000000000088888828828888888888288288888888888888888800000000000000000000000000000000000000000000000000000000000000000000000000
00000000000000000000000888888822228888888888222288888888888888888800000000000000000000000000000000000000000000000000000000000000000000000000
00000000000000000000000888888888888888222288888888888828888888888888000000000000000000000000000000000000000000000000000000000000000000000000
00000000000000000000008888888888888888288888888888888228888888888888000000000000000000000000000000000000000000000000000000000000000000000000
00000000000000000000008888888888888888222288888888888828888888888888000000000000000000000000000000000000000000000000000000000000000000000000
00000000000000000000008888888888888888888288888888888828888888888888880000000000000000000000000000000000000000000000000000000000000000000000
00000000000000000000008888888888888888222288888888888222888888888888880000000000000000000000000000000000000000000000000000000000000000000000
00000000000000000000000888888888888888888888888888888888888888888888880000000000000000000000000000000000000000000000000000000000000000000000
00000000000000000000000008888888888888888888888888888888888888888888888000000000000000000000000000000000000000000000000000000000000000000000
00000000000000000000000000888888888888888888888888888888888888888888888000000000000000000000000000000000000000000000000000000000000000000000
00000000000000000000000000088888888888888888888888888888888888888888880000000000000000000000000000000000000000000000000000000000000000000000
00000000000000000000000000008888888888888888888888888888888888888888880000000000000000000000000000000000000000000000000000000000000000000000
00000000000000000000000000008888888888888888888888888888888888888888880000000000000000000000000000000000000000000000000000000000000000000000
00000000000000000000000000000088888888888888888888888888888888888888880000000000000000000000000000000000000000000000000000000000000000000000
00000000000000000000000000000000888888888888888888888888888888888888000000000000000000000000000000000000000000000000000000000000000000000000
00000000000000000000000000000000008888888888888888888888888888888888000000000000000000000000000000000000000000000000000000000000000000000000
00000000000000000000000000000000000000008888888888888888888888888000000000000000000000000000000000000000000000000000000000000000000000000000
00000000000000000000000000000000000000000000000888888888880000000000000000000000000000000000000000000000000000000000000000000000000000000000
00000000000000000000000000000000000000000000000008888888800000000000000000000000000000000000000000000000000000000000000000000000000000000000