00000000000000000000000888888888888888888888888888888888888888888888888888888880000000000000000000000000000000000000000000000000000000000000
00000000000000000000000822888888888888888888888822222888888888888888888888882280000000000000000000000000000000000000000000000000000000000000
00000000000000000000000822888888888888888888888822222888888888888888888888882280000000000000000000000000000000000000000000000000000000000000
00000000000000000000000888228888888888888888882288288228888888888888888888228880000000000000000000000000000000000000000000000000000000000000
00000000000000000000000888882888888888888888828888288882888888888888888882888880000000000000000000000000000000000000000000000000000000000000
00000000000000000000000888888288888888888888288888288888288888888888888828888880000000000000000000000000000000000000000000000000000000000000
00000000000000000000000888882888888888888888828888288882888888888888888882888880000000000000000000000000000000000000000000000000000000000000
00000000000000000000000888228888888888888888882288288228888888888888888888228880000000000000000000000000000000000000000000000000000000000000
00000000000000000000000822888888888888888888888822222888888888888888888888882280000000000000000000000000000000000000000000000000000000000000
00000000000000000000000822888888888888888888888822222888888888888888888888882280000000000000000000000000000000000000000000000000000000000000
00000000000000000000000888888888888888888888888888888888888888888888888888888880000000000000000000000000000000000000000000000000000000000000
00000000000000000000000000000000000000000000000000000000000000000000000000000000000000000000000000000000000000000000000000000000000000000000
22222222222222222222222222222222222222222222222222222222222222222222222222222222222222222222222222222222222200000000000000000000000000000000
20000200000002000000020000000200000002000000020000000200000002000000020000000200000000200000002000000020000200000000000000000000000000000000
21112121111121211111212111112121111121211111212111112121111121211111212111112121111112121111121211111212111200000000000000000000000000000000
20020002000200020002000200020002000200020002000200020002000200020002000200020002000020002000200020002000200200000000000000000000000000000000
21211111212111112121111121211111212111112121111121211111212111112121111121211111212111112112111112121111121200000222222222222222222222000000
22000000020000000200000002000000020000000200000002000000020000000200000002000000020000000020000000200000002200000200000000000000000002000000
22222222222222222222222222222222222222222222222222222222222222222222222222222222222222222222222222222222222200000222222222222222222222000000
20000000220000000000000022000000000000002200000000000000220000000000000022000000000000002200000000000000220200000200000000000000000002000000
20000022002200000000002200220000000000220022000000000022002200000000002200220000000000220022000000000022002200000200000000222000000002000000
20002200000022000000220000002200000022000000220000002200000022000000220000002200000022000000220000002200000200000200000000222000000002000000
20220000000000220022000000000022002200000000002200220000000000220022000000000022002200000000002200220000000200000200000000222000000002000000
22222222222222222222222222222222222222222222222222222222222222222222222222222222222222222222222222222222222200000222222222222222222222000000
00000000000000000000000000000000000000000000000000000000000000000000000000000000000000000000000000000000000000000000000000000000000000000000
00000000000000000000000000000000000000000000000000000000000000000000000000000000000000000000000000000000000000000000000000000000000000000000
00000000000000000000000000000000000000000000000000000000000000000000000000000000000000000000000000000000000000000000000000000000000000000000
00000000000000000000000000000000000000000000000000000000000000000000000000000000000000000000000000000000000000000000000000000000000000000000
00000000000000000000000000000000000000000000000000000000000000000000000000000000000000000000000000000000000000000000000000000000000000000000
00000000000000000000000000000000000000000000000000000000000000000000000000000000000000000000000000000000000000000000000000000000000000000000
00000000000000000000000000000000000000000000000000000000000000000000000000000000000000000000000000000000000000000000000000000000000000000000
00000000000000000000000000000000000000000000000000000000000000000000000000000000000000000000000000000000000000000000000000000000000000000000
00000000000000000000000000000000000000000000000000000000000000000000000000000000000000000000000000000000000000000000000000000000000000000000
00000000000000000000000000000000000000000000000000000000000000000000000000000000000000000000000000000000000000000000000000000000000000000000
00000000000000000000000000000000000000000000000000000000000000000000000000000000000000000000000000000000000000000000000000000000000000000000
22222222222222222222222222222222222222222222222222222222222222222222222222222222222222222222222222222222222222222222222222222222222222222222
00000000000000000000000000000000000000000000000000000000000000000000000000000000000000000000000000000000000000000000000000000000000000000000
00000000000000000000000000000000000000000000000000000000000000000000000000000000000000000000000000000000000000000000000000000000000000000000
00000000000000000000000000000000000000000000000000000000000000000000000000000000000000000000000000000000000000000000000000000000000000000000
00000000000000000000000000000000000000000000000000000000000000000000000000000000000000000000000000000000000000000000000000000000000000000000