000002323232323232323232323232323232323232323232323232323232323232323232323232323232323232323232323232323232323232323232300000
000023232323232323232323232323232323232323232323232323232323232323232323232323232323232323232323232323232323232323232323230000
000231111111111111111111111111111111111111111111111111111111111111111111111111111111111111111111111111111111111111111111123000
000321111111111111111111111111111111111111111111111111111111111111111111111111111111111111111111111111111111111111111111132000
023111111111111111111111111111111111111111111111111111111111111111111111111111111111111111111111111111111111111111111111111230
032111111111111111111111111111111111111111111111111111111111111111111111111111111111111111111111111111111111111111111111111320
321111111111111111111111111111111111111111111111111111111111111111111111111111111111111111111111111111111111111111111111111132
231111111111111111111111111111111111111111111111111111111111111111111111111111111111111111111111111111111111111111111111111123                         
321111111111111111111111111111111111111111111111111111111111111111111111111111111111111111111111111111111111111111111111111132
231111111111111111111111111111111111111111111111111111111111111111111111111111111111111111111111111111111111111111111111111123
321111111111111111111111111111111111111111111111111111111111111111111111111111111111111111111111111111111111111111111111111132          
032111111111111111111111111111111111111111111111111111111111111111111111111111111111111111111111111111111111111111111111111320
023111111111111111111111111111111111111111111111111111111111111111111111111111111111111111111111111111111111111111111111111230
000321111111111111111111111111111111111111111111111111111111111111111111111111111111111111111111111111111111111111111111132000
000231111111111111111111111111111111111111111111111111111111111111111111111111111111111111111111111111111111111111111111123000
000023232323232323232323232323232323232323232323232323232323232323232323232323232323232323232323232323232323232323232323230000
000002323232323232323232323232323232323232323232323232323232323232323232323232323232323232323232323232323232323232323232300000