121212121212  131313131313  121212121212  13131313131313  21212121    212  313131313131
212121212121  3131    1313  212121212121  31313131313131  12121212    121  131313131313
1212          1313    3131  12121              3131       2121  2121  212  313      131
2121          313131313131  21212              1313       1212    12  121  131      313
1212          131313131313  121212121212       3131       2121     21 212  313      131
2121          3131    3131          2121       1313       1212      12121  131      313
121212121212  1313    1313          1212  13131313131313  2121       2121  313131313131
212121212121  3131    3131  212121212121  31313131313131  1212       1212  131313131313

     1515151515  5151515151  16    16 1212121212  131313131313  1414141414
     515         15      15   61  61  2121212121  313131313131  4141414141
     151         51      51    6161   121     12      313       141
     515         15      15     61    212     21      131       414141414
     151         51      51     16    121     12      313       141
     515         15      15     61    2121212121      131       4141414141
     1515151515  5151515151     16    1212121212      313       1414141414