11111111111111111111111111111111111111111111111111111111111111111111111111111111111111111111111111111111111111111111111111111100000000000000
14444444444444444444444444444444444444444444444444444444444444444444444444444444444444444444444444444444444444444444444444444100000000000000
11111111111111111111111111111111111111111111111111111111111111111111111111111111111111111111111111111111111111111111111111111100000000000000
22222222222222222222222222222222222222222222222222222222222222222222222222222222222222222222222222222222222222222222222222222200000000000000
26666666666666666688662666666666666666666668866266666666666666666668866266666666666666666666668866266666666666666666666668866200000000000000
22222222222222222222222222222222222222222222222222222222222222222222222222222222222222222222222222222222222222222222222222222200000000000000
26666666666666666688662666666666666666666668866266666666666666666668866266666666666666666666668866266666666666666666666668866200000000000000
22222222222222222222222222222222222222222222222222222222222222222222222222222222222222222222222222222222222222222222222222222200000000000000
26666666666666666688662666666666666666666668866266666666666666666668866266666666666666666666668866266666666666666666666668866200000000000000
26666666666666666688662666666666666666666668866266666666666666666668866266666666666666666666668866266666666666666666666668866200000000000000
22222222222222222222222222222222222222222222222222222222222222222222222222222222222222222222222222222222222222222222222222222200000000000000
99999999999999999999999999999999999999999999999999999999999999999999999999999999555555555555555555555555555555555555555555555555555555555555
90000000000000000000000000000000000000000000000000000000000000000000000000000009555888888888888888888888888888888888888888888888888888888885
90000000000000000000000000000000000000000000000000000000000000000000000000000009555822888888888888888888888822222888888888888888888888882285
90000000000000000000000000000000000000000000000000000000000000000000000000000009555800228888888888888888882200200228888888888888888888220085
90000000000000000000000000000000000000000000000000000000000000000000000000000009555800002888888888888888820000200002888888888888888882000085
90000000000000000000000000000000000000000000000000000000000000000000000000000009555800000288888888888888200000200000288888888888888820000085
90000000000000000000000000000000000000000000000000000000000000000000000000000009555800000288888888888888200000200000288888888888888820000085
90000000000000000000000000000000000000000000000000000000000000000000000000000009555800002888888888888888820000200002888888888888888882000085
90000000000000000000000000000000000000000000000000000000000000000000000000000009555800228888888888888888882200200228888888888888888888220085
90000000000000000000000000000000000000000000000000000000000000000000000000000009555822888888888888888888888822222888888888888888888888882285
90000000000000000000000000000000000000000000000000000000000000000000000000000009555888888888888888888888888888888888888888888888888888888885
90000000000000000000000000000000000000000000000000000000000000000000000000000009555555555555555555555555555555555555555555555555555555555555
90000000000000000000000000000000000000000000000000000000000000000000000000000009555888888888888888888888888888888888888888888888888888888885
90000000000000000000000000000000000000000000000000000000000000000000000000000009555822888888888888888888888822222888888888888888888888882285
90000000000000000000000000000000000000000000000000000000000000000000000000000009555800228888888888888888882200200228888888888888888888220085
90000000000000000000000000000000000000000000000000000000000000000000000000000009555800002888888888888888820000200002888888888888888882000085
90000000000000000000000000000000000000000000000000000000000000000000000000000009555800000288888888888888200000200000288888888888888820000085
90000000000000000000000000000000000000000000000000000000000000000000000000000009555800000288888888888888200000200000288888888888888820000085
90000000000000000000000000000000000000000000000000000000000000000000000000000009555800002888888888888888820000200002888888888888888882000085
99999999999999999999999999999999999999999999999999999999999999999999999999999999555800228888888888888888882200200228888888888888888888220085
00011111111111111111111111111111111111110000000000000000000000000000000000000000555822888888888888888888888822222888888888888888888888882285
00014444444444444444444444444444444444410000000000000000000000000000000000000000555888888888888888888888888888888888888888888888888888888885
00011111111111111111111111111111111111110000000000000000000000000000000000000000555555555555555555555555555555555555555555555555555555555555
000aaaaaaaaaaaaaaaaaaaaaaaaaaaaaaaaaaaaa0000000000000000000000000000000000000000555555555555555555555555555555555555555555555555555555555555
000aa777777777aaaaaaaaaaaaaa777777777aaa0000000000000000000000000000000000000000555555555555555555555555555555555555555555555555555555555555
000aa777777777aaaaaaaaaaaaaa777777777aaa0000000000000000000000000000000000000000555555555555555555555555555555555555555555555555555555555555
000aa777777777aaaaa88888aaaa777777777aaa0000000000000000000000000000000000000000555555555555555555555555555555555555555555555555555555555555
000aaaaaaaaaaaaaaaa88888aaaaaaaaaaaaaaaa0000000000000000000000000000000000000000555555555555555555555555555555555555555555555555555555555555
000aaaaaaaaaaaaaaaa88888aaaaaaaaaaaaaaaa0000000000000000000000000000000000000000555555555555555555555555555555555555555555555555555555555555