11111111111111111111111111111111111111111111111111111111111111111111111111111111111111111111111111111111111111111111111111111100000000000000
14444444444444444444444444444444444444444444444444444444444444444444444444444444444444444444444444444444444444444444444444444100000000000000
11111111111111111111111111111111111111111111111111111111111111111111111111111111111111111111111111111111111111111111111111111100000000000000
22222222222222222222222222222222222222222222222222222222222222222222222222222222222222222222222222222222222222222222222222222200000000000000
26662666266626662000000200000026662666266626662666266626662666266626662666266626662666266626662666266626662666266626662000000200000000000000
22222222222222222222222222222222222222222222222222222222222222222222222222222222222222222222222222222222222222222222222222222200000000000000
26662666266626662000000200000026662666266626662666266626662666266626662666266626662666266626662666266626662666266626662000000200000000000000
22222222222222222222222222222222222222222222222222222222222222222222222222222222222222222222222222222222222222222222222222222200000000000000
26662666266626662000000200000026662666266626662666266626662666266626662666266626662666266626662666266626662666266626662000000200000000000000
26662666266626662000000200000026662666266626662666266626662666266626662666266626662666266626662666266626662666266626662000000200000000000000
22222222222222222222222222222222222222222222222222222222222222222222222222222222222222222222222222222222222222222222222222222200000000000000
00000000000000000000000000000000000000000000000000000000000000000000000000000000000000000000000000000000000000000000000000000000000000000000
00111111111111111111111111111111111111111111111111111111111111111111111111110055555555555555555555555555555555555555555555555555555555555555
00114444444444444444444444444444444444444444444444444444444444444444444444110055555555555555555555555555555555555555555555555555555555555555
00114411111111111111111111111111111111111111111111111111111111111111111144110055222222222222222222222222222222222222222222222222222222222255
00114411000000000000000000000000000000000000000000000000000000000000001144110055225555555555555555555555555525555555555555555555555555552255
00114411000000000000000000000000000000000000000000000000000000000000001144110055252255555555555555555555552222255555555555555555555555225255
00114411000000000000000000000000000000000000000000000000000000000000001144110055255522555555555555555555225525522555555555555555555522555255
00114411000000000000000000000000000000000000000000000000000000000000001144110055222555255555555555555552555525555255555555555555555255522255
00114411000000000000000000000000000000000000000000000000000000000000001144110055252555525555555555555525555525555525555555555555552555525255
00114411000000000000000000000000000000000000000000000000000000000000001144110055252555525555555555555525555525555525555555555555552555525255
00114411000000000000000000000000000000000000000000000000000000000000001144110055222555255555555555555552555525555255555555555555555255522255
00114411000000000000000000000000000000000000000000000000000000000000001144110055255522555555555555555555225525522555555555555555555522555255
00114411000000000000000000000000000000000000000000000000000000000000001144110055252255555555555555555555552222255555555555555555555555225255
00114411000000000000000000000000000000000000000000000000000000000000001144110055225555555555555555555555555525555555555555555555555555552255
00114411000000000000000000000000000000000000000000000000000000000000001144110055222222222222222222222222222222222222222222222222222222222255
00114411000000000000000000000000000000000000000000000000000000000000001144110055555555555555555555555555555555555555555555555555555555555555
00114411000000000000000000000000000000000000000000000000000000000000001144110055588888888888888888888888888888888888888888888888888888888555
00114411000000000000000000000000000000000000000000000000000000000000001144110055582288888888888888888888882222288888888888888888888888228555
00114411000000000000000000000000000000000000000000000000000000000000001144110055580022888888888888888888220020022888888888888888888822008555
00114411000000000000000000000000000000000000000000000000000000000000001144110055580000288888888888888882000020000288888888888888888200008555
00114411000000000000000000000000000000000000000000000000000000000000001144110055580000028888888888888820000020000028888888888888882000008555
00114411000000000000000000000000000000000000000000000000000000000000001144110055580000028888888888888820000020000028888888888888882000008555
00114411000000000000000000000000000000000000000000000000000000000000001144110055580000288888888888888882000020000288888888888888888200008555
00114411000000000000000000000000000000000000000000000000000000000000001144110055580022888888888888888888220020022888888888888888888822008555
00114411000000000000000000000000000000000000000000000000000000000000001144110055582288888888888888888888882222288888888888888888888888228555
00114411000000000000000000000000000000000000000000000000000000000000001144110055588888888888888888888888888888888888888888888888888888888555
00114411111111111111111111111111111111111111111111111111111111111111111144110055555555555555555555555555555555555555555555555555555555555555
00114444444444444444444444444444444444444444444444444444444444444444444444110055555555555555555555555555555555555555555555555555555555555555
00111111111111111111111111111111111111111111111111111111111111111111111111110000000000000000000000000000000000000000000000000000000000000000